+--------+----------+-------------+
| cuenta | saldo    | movimientos |
+--------+----------+-------------+
| 1001   | 10003.00 |          24 |
| 1002   |   324.00 |          12 |
| 1003   |  -149.50 |          16 |
| 1004   |   949.50 |          27 |
| 1005   |   950.50 |          24 |
| 2001   |   750.00 |           2 |
| 2002   |   650.00 |           2 |
| 2003   | -4000.00 |           7 |
| 2004   | -1600.00 |           7 |
| 2005   | -1000.00 |           2 |
| 3001   |   870.00 |           6 |
| 3002   |   500.00 |           6 |
| 3003   |   -50.00 |           5 |
| 3004   |  -190.00 |           3 |
| 3005   |  -330.00 |           4 |
+--------+----------+-------------+
